01000010100001000111111110000110101000000010010010100000100110001010110010101111101111000010101111111001101100110000001111011100
01111111011010100110000011100010001111011111010100000000101111000111000000011100001010110111101100000000111001000100110010000000
01110101110110110110000000001000110100111001100001100101110001010110000011101111111101010101001111110101000110101111101010000010
10011011011011000011111000110100100001101011011101110100000011111000110001001010011110001100010011010010111001000011001000000010
00100000110011000111010101101011010001001001100000110011000100110000010000101000011110110101100110000001010100111111001011110001
01000011111101011001000110011110000111110110000101111000011110111000010011101010001010101101000110110000100111110110100111000110
00000111011110100001101010101111100110011111000010010011010101000000000001000111110010101000101010000000101000000000011000101111
11010110001010100100110000110001001001110100010011001001110101101111001011110110101111111111110111101110100010110110110001001100
01001101011100010000100111010001101011011101001010010101101010100101110010111111100010100011111000111011000111100011100110111010
01001101111010101000010011111100101000000101111111010011101110110001010011001101000100110001010000010011000000110101010110100110
01101000100011010011011001111110001101000111101111001001010000011110010011001100001101000010010101011001010000011001000111011000
00111110010101011100110011110100010010001110100111110001011110001001000111101000010110011011101111001010011010000011001110111100
00001010101110000100011011110110100111001100111100111110011011010100101100001000000011000101100000111000111011011000110100110111
00111100001011001101010111100100101010101111000010011000011010001010100001011110100111001010100010110111010001010111001000011011
11101010101100010101100111111010110011011010001011001001011011000100110100010000110111111101101101010010011100111110010111010000
11000110011011011010101101110001000111001001100101011100110101010011000110100100101001000100101000010001001100000101100100100110
11100101001010101100000111111001110101100011011000111100010001011111011111000001100101100100110011001111111110010110101010010000
10101000100100100000100111110010100010011000100010101010011000000101011110000101110001100001010010110101111011111001111011010100
10101001001010101000010111001001011100011110001001110011010111100010100101000111110110001001010011110011001000110110101101000001
11110000110000001001110100100001101111100001101010111100110011101000100011111110000000110010010001100111001100010000110100000000
11011001110010001110011111010100100010100010010111110110101101110011111101000011111101000001100001110010011101011111010101000111
10101001001111011101100000010000101001111100001101110001011110100111011111000010000000010011011111000111111001110110010011001110
01000110111101100010111001100000010100110111010011110110001110001001111100011000100001011010001101110000001011110110011000100111
00110000110001111100010111110101011110101111001010110000111001001010010100101111000111001001001111011110011111010101101110110111
00111100010101011101010010101111011010000001110000110110001000010110110010000011110011011111100010111000111001001011111110111001
10101100110011101000100010000100000011110100111101010011011010111101011110000101101100010110111001010010010001100100001001101011
11111000101011011010100101010100101011101010000001000100001110010101111001011001001000010001000111001010110100110100101111000110
00100010000111010100000111110001000011101000011001000011111110110001101011010000000010111110101100011011001011111101100001101001
11001011110001110011000110111001101101001111101110010100011010000001010100101111001101011101011110100111000110110110000100111011
00101000111011100010111000011011000010000100010011111111110111101101111111000010110010101101110000001110110011011011101110101111
01010101101111100101010101110011111000011111101110100111101100000010000101111010110111010111001110000111010011010011011100001011
01101101001110010101101100111111001000000100001001111111111100100111000011110000110001100001011101001111111001101010011100101111
11100001000011011010111101010111011001010111000000100110000111111010110001000100111011100100000011100001001100000010010111101001
00110011100011110010011111001011111001100101011000011011010111101110100011000000011011110111010011000000010001011110001111011111
01100001011111011010100100011000000011101010101110010000000001010111100001111111000110101110010100101011111101101111100101111101
11000110100010111100000100000110101010100110110010100101111111100100010101110000100010100010011011011101010001000110110111100010
10111110110111000100011011101010101000101101010011111100111010000010001011110010000100001111010110000110000101000110111000010001
00010010101010110111001010100111100001101101101010011111000001101000110101100001111000100101011001110101000100111000101110101110
11100000110001100001010010000001101100101100110110000110110101001100000100101011000001101100110001001111100011110000111000010000
10100110000011101111001001100100000101111101011001110100001111010111001100001111101000011000111110101101110011000111001011011000
10111001011000110011011111010010100111001001000010101000110110000011111101000011011011100100101111000011010011110110011101110111
01111011000000111100011001011001110100000111001000100111101110100101011001001000001111011101000010011110100011100101110011000101
10100000000110111101001110100010110110011001110100100010101011001011011101101000000000101111100111011111011011111011001010000101
01000100101011111000000101111111000000001011010100001110100111001001110011000010111011101110011001100001000000011111111110101101
01010000100101011111011101010000001101101000000010010100000111111001011000100001101111010000101101111101100100001110110100110110
00101100101100110111110010011101000100111101000001100101010101110000100011011110110001001100010010000110111110011111100111001001
01110111001010101001001011110110011000111001001100001110001100100110100100000011110101100101010110001101011110000011010011100000
10100010110010100110100010011101010010001110011001000110100001100010101001100101110100101000000110110100011010001000001110011110
10101010010111001110001010100001000010001001101000000010001101001100100110111000011001110001011010001100000100101110010110010000
10001101011001101100111000011000101000101100111111011100001101000000100111110110010100001011010111101111010110011000001101001111
11011010010111001101001000011001111111111001001110100111011000100010001001001001111110000011101000111111011011110111001110000101
11100011111011001011010101000001001001100100111100100101110110011100001111011000001001000001001011001111110111000000000111001101
01000101111110111000101000100100010100101101111011011010011001001111011010010001101101101100111101111001101001110111010001011100
11111100011000011000011111110000000111011001001101010101100101100010100011000011111001110000100101010110011111001010001110101010
01100010000000010111001111000011110110100110110001101111010110001111011100110000101110111101110000000000000101010011011100100011
01001111010110111100000011011011111101010011100011001111011011010111100110001100111010110011010000110010011110001100111010001001
01110000011010011001010100111110101011000000101011110101110000100011100101110001100000010100101101001011101000110000000000110101
11001010100010001101111011111000011011011100111010100010111101000110111011000111110001011110010000010100000111110101010111111010
01000101001010010011001011101110100011110000010011101000001010111101101110000010001010000011111110011110001110101110110001001111
00010001111111010010110010000000110011100000010100011110101000011000001101101110011110000100111100001111111100101101000111101000
01000111101100010101000100110100100110110111101111101001100111100001101010010101101101100011100110011100110111110111010110111100
10000101001001010110011000010111100111001001001000110001111110101011001011000000000110010001111001001110011110000100100100110011
10110111000101110000111111100100011101001110110101100100001000111110100011010010011111010001001000010100100000111111000100111101
00001011011010111000101100001111110011001001010010000001101111110010011011111110111001001001011000010001111100110111101110000111
00000101010001111011101110100001100011010011010110110110101000000111111101101100011010010111010101010101000100100111110100000100
10011010011010011111111111100001010110111111000100010100110000110001000001000101010000101010110010001100000001111101011111100010
01110100001110100011010001101110011010010011000101101011000101011000111010111110000110001011101000010001110000101010010000010100
11110010001101010111000001110101010101001010001011010110101011001101100101011110000000110000000011100010101000100011111101101010
10101011110101101011000101000111101011101000100100111011101001010101000011010011001111100010110010010111111111111100101111110011
11101001111100101000100010111101100001111101010100001010100010110111000110011111110000011110010101000010101000110100010100101011
01010011011010100000011100110111011011100100111010011010000011100001001100100101110010011101001100000001010010111110011101111100
